Input Matrix:
    0.2000    -5.0000     3.0000     0.4000     0.0000
   -0.5000     1.0000     7.0000    -2.0000     0.3000
    0.6000     2.0000    -4.0000     3.0000     0.1000
    3.0000     0.8000     2.0000    -0.4000     3.0000
    0.5000     3.0000     2.0000     0.4000     1.0000

Lower Triangular Matrix (L):
    0.2000     0.0000     0.0000     0.0000     0.0000
   -0.5000   -11.5000     0.0000     0.0000     0.0000
    0.6000    17.0000     8.4348     0.0000     0.0000
    3.0000    75.8000    52.5739   -14.9967     0.0000
    0.5000    15.5000    14.0435    -2.4835     0.2362

Upper Triangular Matrix (U):
    1.0000   -25.0000    15.0000     2.0000     0.0000
    0.0000     1.0000    -1.2609     0.0870    -0.0261
    0.0000     0.0000     1.0000     0.0381     0.0644
    0.0000     0.0000     0.0000     1.0000    -0.1060
    0.0000     0.0000     0.0000     0.0000     1.0000

Determinant of Matrix = 68.716800

Inverse of Matrix (rounded to 3 decimals):
   -0.7080     2.5310     2.4310     0.9670    -3.9020
   -0.1930     0.3100     0.2790     0.0580    -0.2940
    0.0220     0.3650     0.2860     0.0510    -0.2900
    0.2730    -0.1300     0.1320    -0.1410     0.4490
    0.7820    -2.8750    -2.6790    -0.7010     4.2340

